Outcome,Pregnancies,Glucose,BloodPressure,SkinThickness,Insulin,BMI,DiabetesPedigreeFunction,Age
0,0,100,88,60,110,46.8,0.962,31
1,1,102,74,0,0,39.5,0.293,42
0,7,133,84,0,0,40.2,0.696,37
0,3,191,68,15,130,30.9,0.299,34
1,1,113,64,35,0,33.6,0.543,21
0,1,95,66,13,38,19.6,0.334,25
1,8,196,76,29,280,37.5,0.605,57
1,2,108,80,0,0,27,0.259,52
1,8,120,86,0,0,28.4,0.259,22
0,1,81,74,41,57,46.3,1.096,32
0,3,88,58,11,54,24.8,0.267,22
0,4,90,0,0,0,28,0.61,31
1,4,117,62,12,0,29.7,0.38,30
1,1,128,88,39,110,36.5,1.057,37
1,10,111,70,27,0,27.5,0.141,40
0,1,97,64,19,82,18.2,0.299,21
0,3,87,60,18,0,21.8,0.444,21
1,5,162,104,0,0,37.7,0.151,52
0,2,99,60,17,160,36.6,0.453,21
1,6,134,70,23,130,35.4,0.542,29
1,3,121,52,0,0,36,0.127,25
1,17,163,72,41,114,40.9,0.817,47
1,8,143,66,0,0,34.9,0.129,41
0,1,91,54,25,100,25.2,0.234,23
0,2,100,68,25,71,38.5,0.324,26
1,4,125,80,0,0,32.3,0.536,27
0,4,118,70,0,0,44.5,0.904,26
1,5,166,72,19,175,25.8,0.587,51
0,1,111,94,0,0,32.8,0.265,45
0,2,139,75,0,0,25.6,0.167,29
0,0,101,65,28,0,24.6,0.237,22
0,3,99,62,19,74,21.8,0.279,26
0,0,132,78,0,0,32.4,0.393,21
0,13,106,70,0,0,34.2,0.251,52
0,4,91,70,32,88,33.1,0.446,22
0,1,73,50,10,0,23,0.248,21
0,2,100,70,52,57,40.5,0.677,25
1,0,140,65,26,130,42.6,0.431,24
1,6,102,82,0,0,30.8,0.18,36
0,1,143,74,22,61,26.2,0.256,21
0,2,68,62,13,15,20.1,0.257,23
1,7,195,70,33,145,25.1,0.163,55
0,6,103,66,0,0,24.3,0.249,29
1,8,197,74,0,0,25.9,1.191,39
1,13,126,90,0,0,43.4,0.583,42
0,13,145,82,19,110,22.2,0.245,57
0,8,112,72,0,0,23.6,0.84,58
0,3,74,68,28,45,29.7,0.293,23
1,5,112,66,0,0,37.8,0.261,41
1,1,181,64,30,180,34.1,0.328,38
0,1,95,74,21,73,25.9,0.673,36
1,3,139,54,0,0,25.6,0.402,22
1,2,128,78,37,182,43.3,1.224,31
0,1,136,74,50,204,37.4,0.399,24
0,2,56,56,28,45,24.2,0.332,22
0,0,94,70,27,115,43.5,0.347,21
1,5,139,80,35,160,31.6,0.361,25
0,1,139,46,19,83,28.7,0.654,22
0,3,125,58,0,0,31.6,0.151,24
1,1,172,68,49,579,42.4,0.702,28
1,0,180,78,63,14,59.4,2.42,25
0,5,128,80,0,0,34.6,0.144,45
0,6,123,72,45,230,33.6,0.733,34
1,4,171,72,0,0,43.6,0.479,26
0,1,97,68,21,0,27.2,1.095,22
0,1,108,88,19,0,27.1,0.4,24
0,1,130,70,13,105,25.9,0.472,22
1,7,152,88,44,0,50,0.337,36
0,2,123,48,32,165,42.1,0.52,26
0,5,109,75,26,0,36,0.546,60
1,0,128,68,19,180,30.5,1.391,25
0,6,107,88,0,0,36.8,0.727,31
1,9,164,84,21,0,30.8,0.831,32
1,4,146,78,0,0,38.5,0.52,67
0,0,78,88,29,40,36.9,0.434,21
1,10,168,74,0,0,38,0.537,34
0,0,108,68,20,0,27.3,0.787,32
1,3,174,58,22,194,32.9,0.593,36
1,2,197,70,45,543,30.5,0.158,53
0,1,83,68,0,0,18.2,0.624,27
0,4,122,68,0,0,35,0.394,29
1,2,102,86,36,120,45.5,0.127,23
0,4,131,68,21,166,33.1,0.16,28
0,3,126,88,41,235,39.3,0.704,27
0,4,137,84,0,0,31.2,0.252,30
0,4,83,86,19,0,29.3,0.317,34
0,12,121,78,17,0,26.5,0.259,62
1,11,155,76,28,150,33.3,1.353,51
0,1,71,48,18,76,20.4,0.323,22
1,0,135,68,42,250,42.3,0.365,24
0,11,85,74,0,0,30.1,0.3,35
0,5,99,74,27,0,29,0.203,32
1,1,126,60,0,0,30.1,0.349,47
0,0,125,68,0,0,24.7,0.206,21
1,1,128,98,41,58,32,1.321,33
0,3,103,72,30,152,27.6,0.73,27
1,14,100,78,25,184,36.6,0.412,46
1,8,105,100,36,0,43.3,0.239,45
0,5,117,86,30,105,39.1,0.251,42
0,1,100,72,12,70,25.3,0.658,28
0,1,117,60,23,106,33.8,0.466,27
0,2,119,0,0,0,19.6,0.832,72
0,1,80,55,0,0,19.1,0.258,21
1,4,183,0,0,0,28.4,0.212,36
0,6,80,66,30,0,26.2,0.313,41
0,2,112,86,42,160,38.4,0.246,28
0,1,107,72,30,82,30.8,0.821,24
0,0,84,64,22,66,35.8,0.545,21
1,0,124,70,20,0,27.4,0.254,36
0,0,102,75,23,0,0,0.572,21
1,8,188,78,0,0,47.9,0.137,43
0,3,124,80,33,130,33.2,0.305,26
1,5,187,76,27,207,43.6,1.034,53
0,5,114,74,0,0,24.9,0.744,57
1,1,117,88,24,145,34.5,0.403,40
0,2,90,70,17,0,27.3,0.085,22
1,0,113,76,0,0,33.3,0.278,23
0,3,84,72,32,0,37.2,0.267,28
0,2,125,60,20,140,33.8,0.088,31
0,4,114,65,0,0,21.9,0.432,37
0,1,126,56,29,152,28.7,0.801,21
0,1,164,82,43,67,32.8,0.341,50
0,2,87,0,23,0,28.9,0.773,25
0,6,117,96,0,0,28.7,0.157,30
0,2,122,52,43,158,36.2,0.816,28
1,4,136,70,0,0,31.2,1.182,22
0,10,133,68,0,0,27,0.245,36
1,4,95,64,0,0,32,0.161,31
0,1,89,24,19,25,27.8,0.559,21
1,11,120,80,37,150,42.3,0.785,48
0,5,126,78,27,22,29.6,0.439,40
0,2,89,90,30,0,33.5,0.292,42
0,3,99,80,11,64,19.3,0.284,30
1,3,173,78,39,185,33.8,0.97,31
0,0,91,68,32,210,39.9,0.381,25
0,1,119,88,41,170,45.3,0.507,26
0,7,81,78,40,48,46.7,0.261,42
1,10,148,84,48,237,37.6,1.001,51
1,5,0,80,32,0,41,0.346,37
0,10,115,0,0,0,35.3,0.134,29
0,5,78,48,0,0,33.7,0.654,25
1,2,90,68,42,0,38.2,0.503,27
1,10,161,68,23,132,25.5,0.326,47
0,0,101,62,0,0,21.9,0.336,25
1,6,195,70,0,0,30.9,0.328,31
0,3,99,54,19,86,25.6,0.154,24
0,0,102,86,17,105,29.3,0.695,27
0,1,121,78,39,74,39,0.261,28
0,11,138,76,0,0,33.2,0.42,35
0,7,136,74,26,135,26,0.647,51
0,0,105,68,22,0,20,0.236,22
0,2,129,84,0,0,28,0.284,27
0,11,103,68,40,0,46.2,0.126,42
0,1,90,62,12,43,27.2,0.58,24
0,7,83,78,26,71,29.3,0.767,36
0,2,85,65,0,0,39.6,0.93,27
0,3,122,78,0,0,23,0.254,40
0,1,93,56,11,0,22.5,0.417,22
0,0,100,70,26,50,30.8,0.597,21
1,8,124,76,24,600,28.7,0.687,52
0,1,89,76,34,37,31.2,0.192,23
1,6,115,60,39,0,33.7,0.245,40
0,3,128,78,0,0,21.1,0.268,55
0,2,108,62,10,278,25.3,0.881,22
1,9,165,88,0,0,30.4,0.302,49
0,1,103,80,11,82,19.4,0.491,22
0,3,106,54,21,158,30.9,0.292,24
1,0,177,60,29,478,34.6,1.072,21
0,10,115,98,0,0,24,1.022,34
0,6,87,80,0,0,23.2,0.084,32
1,11,135,0,0,0,52.3,0.578,40
1,6,134,80,37,370,46.2,0.238,46
1,0,137,40,35,168,43.1,2.288,33
0,5,155,84,44,545,38.7,0.619,34
1,3,171,72,33,135,33.3,0.199,24
1,3,80,82,31,70,34.2,1.292,27
0,1,82,64,13,95,21.2,0.415,23
0,8,118,72,19,0,23.1,1.476,46
0,1,135,54,0,0,26.7,0.687,62
0,9,106,52,0,0,31.2,0.38,42
0,1,106,70,28,135,34.2,0.142,22
0,0,119,64,18,92,34.9,0.725,23
1,2,118,80,0,0,42.9,0.693,21
